$ANSIBLE_VAULT;1.1;AES256
34663237326535626430663864326363326631376362663665303733656230623136623562373263
3131663734646665396665343535323861326664666661350a663037346638633163613037333536
31383033303463613061303662623035383964363463613437386134363065323362386139666164
3735346432663235310a633165356262613061393565333064323565343734656539376234386566
64313032663034343062336137663330346535656234333865316262636363646337386534643765
61613931643337363966353661383461386338356534663263353733333961373465383166633437
66353730323838653633373432353064616136313965656333383464303539343938306464343633
30326332323034323666376236376661653362666235393562323532633564326363303030626337
64326362313265616162306635303737613536376237643036353034343030626462646363353731
62396163333335626366303934633261393434613834383164643664623936653835393131383034
32386161353361383565333333356534363865643039303532336263346365646533376130316664
62316337653432353531666265326566333531336664373234613965616634333735313262613430
38316163356166363266346262373235636334343062326637613333626134633865
